0 0.4580078125 0.37447916666666664 0.051171875000000006 0.03958333333333333
0 0.47421875 0.4895833333333333 0.0578125 0.18541666666666667
0 0.46308593750000004 0.6609375 0.064453125 0.022916666666666665
0 0.47207031250000003 0.71953125 0.022265625 0.09635416666666667
0 0.47480468750000004 0.8234374999999999 0.094140625 0.11666666666666667
0 0.5322265625 0.8216145833333334 0.017578125 0.11302083333333333
0 0.57265625 0.82109375 0.03515625 0.11197916666666667
0 0.7800781250000001 0.6380208333333334 0.053125000000000006 0.034375
0 0.7435546875000001 0.7138020833333333 0.028515625000000003 0.07760416666666667
0 0.7699218750000001 0.70546875 0.01953125 0.09010416666666667
0 0.7552734375000001 0.80703125 0.011328125000000001 0.09739583333333333
0 0.784375 0.8067708333333333 0.043750000000000004 0.09583333333333333
