0 0.5779296875000001 0.47265625 0.08085937500000001 0.1796875
0 0.533203125 0.5265625 0.015625 0.16458333333333333
0 0.5640625 0.58671875 0.013281250000000001 0.044270833333333336
0 0.5951171875 0.5848958333333333 0.009765625 0.04375
0 0.5982421875 0.6046875 0.034765625 0.010416666666666666
0 0.578125 0.625 0.0625 0.030208333333333334
0 0.5751953125 0.675 0.008984375000000001 0.103125
0 0.6062500000000001 0.6934895833333333 0.01171875 0.07447916666666667
0 0.534375 0.7114583333333333 0.02734375 0.014583333333333334
0 0.537109375 0.7684895833333333 0.03125 0.08802083333333333
0 0.5634765625 0.7604166666666666 0.020703125000000003 0.10520833333333333
0 0.585546875 0.7700520833333333 0.0234375 0.0890625
0 0.6193359375 0.7703125 0.032421875 0.09166666666666666
0 0.8515625 0.6611979166666666 0.025 0.09322916666666667
0 0.846875 0.75078125 0.032031250000000004 0.0890625
