0 0.343359375 0.48463541666666665 0.028125 0.11197916666666667
0 0.4224609375 0.48828125 0.091015625 0.18489583333333334
0 0.425390625 0.6604166666666667 0.0671875 0.02395833333333333
0 0.43203125000000003 0.7192708333333333 0.021875000000000002 0.096875
0 0.3580078125 0.8140625 0.024609375000000003 0.09583333333333333
0 0.41914062500000004 0.8195312499999999 0.060937500000000006 0.11614583333333334
0 0.4791015625 0.8182291666666667 0.050390625 0.11875
0 0.53359375 0.8177083333333334 0.039843750000000004 0.11458333333333333
0 0.734375 0.6950520833333333 0.02421875 0.10781249999999999
0 0.7015625000000001 0.71640625 0.05 0.07239583333333333
0 0.7349609375 0.8049479166666667 0.08867187500000001 0.10364583333333333
