0 0.4732421875 0.48359375 0.07382812500000001 0.14635416666666667
0 0.4607421875 0.5838541666666667 0.011328125000000001 0.042708333333333334
0 0.4900390625 0.59765625 0.017578125 0.0734375
0 0.5033203125 0.6979166666666666 0.012890625000000001 0.08541666666666667
0 0.425390625 0.7140625 0.08281250000000001 0.041666666666666664
0 0.48554687500000004 0.7622395833333333 0.1296875 0.0921875
0 0.6328125 0.48541666666666666 0.03828125 0.24375
0 0.7583984375 0.6489583333333333 0.018359375 0.10416666666666667
0 0.759375 0.7432291666666666 0.029687500000000002 0.08229166666666667
0 0.95703125 0.59609375 0.009375000000000001 0.0484375
